SdkRegistrants_1491399736967=com.gwtplugins.gwt.eclipse.sdkbundle.gwt28_2.8.0.201703272136
eclipse.preferences.version=1
versionForLastForcedRebuild_index=3.0.0.201703272136
